0 0.441667 0.693827 0.047222 0.088889
0 0.474306 0.617284 0.034722 0.064198
0 0.195139 0.607407 0.068056 0.088889
0 0.352778 0.471605 0.033333 0.054321
0 0.318056 0.518519 0.036111 0.064198
2 0.077778 0.633333 0.066667 0.096296
2 0.100694 0.295062 0.056944 0.096296
2 0.290278 0.265432 0.044444 0.071605
2 0.709028 0.533333 0.037500 0.069136
2 0.838194 0.517284 0.045833 0.071605
0 0.730556 0.697531 0.038889 0.066667
2 0.424306 0.896296 0.043056 0.079012
2 0.273611 0.664198 0.055556 0.093827
2 0.873611 0.382716 0.038889 0.069136
