0 0.863889 0.414815 0.069444 0.098765
0 0.793750 0.334568 0.062500 0.086420
0 0.943750 0.187654 0.045833 0.054321
0 0.584028 0.749383 0.073611 0.116049
0 0.370833 0.551852 0.047222 0.071605
2 0.687500 0.587654 0.086111 0.128395
2 0.619444 0.324691 0.058333 0.101235
2 0.532639 0.564198 0.043056 0.081481
0 0.551389 0.459259 0.047222 0.103704
2 0.191667 0.298765 0.052778 0.079012
2 0.265278 0.520988 0.072222 0.123457
2 0.256250 0.235802 0.051389 0.076543
2 0.359722 0.380247 0.050000 0.103704
2 0.716667 0.134568 0.058333 0.091358
1 0.811111 0.143210 0.100000 0.079012
2 0.475000 0.200000 0.055556 0.093827
0 0.506944 0.129630 0.030556 0.046914
0 0.547917 0.129630 0.031944 0.051852
