2 0.706944 0.738272 0.119444 0.227160
2 0.572222 0.866667 0.122222 0.237037
2 0.452083 0.867901 0.101389 0.254321
2 0.600000 0.639506 0.083333 0.172840
2 0.604861 0.485185 0.084722 0.120988
2 0.602778 0.351852 0.080556 0.130864
2 0.518750 0.298765 0.076389 0.128395
2 0.461111 0.112346 0.091667 0.155556
2 0.361111 0.245679 0.088889 0.155556
2 0.411111 0.400000 0.072222 0.128395
2 0.504861 0.462963 0.087500 0.145679
2 0.330556 0.564198 0.105556 0.180247
2 0.228472 0.318519 0.098611 0.148148
2 0.082639 0.528395 0.106944 0.197531
2 0.124306 0.735802 0.101389 0.162963
2 0.190278 0.540741 0.094444 0.187654
