2 0.867361 0.498765 0.170833 0.177778
2 0.786111 0.729630 0.152778 0.249383
2 0.479167 0.362963 0.125000 0.197531
2 0.339583 0.164198 0.095833 0.120988
2 0.763889 0.159259 0.075000 0.145679
2 0.601389 0.204938 0.075000 0.153086
2 0.684722 0.196296 0.080556 0.175309
1 0.330556 0.920988 0.263889 0.158025
1 0.235417 0.696296 0.090278 0.286420
1 0.095139 0.738272 0.176389 0.316049
1 0.378472 0.655556 0.179167 0.367901
1 0.531944 0.759259 0.108333 0.481481
1 0.141667 0.423457 0.205556 0.195062
1 0.875000 0.346914 0.250000 0.106173
