0 0.527778 0.150617 0.069444 0.079012
2 0.462500 0.265432 0.052778 0.076543
2 0.534028 0.286420 0.051389 0.074074
2 0.715972 0.517284 0.079167 0.125926
2 0.834028 0.870370 0.090278 0.155556
2 0.516667 0.429630 0.058333 0.088889
2 0.632639 0.441975 0.045833 0.083951
2 0.594444 0.355556 0.055556 0.083951
2 0.111111 0.276543 0.052778 0.083951
2 0.179861 0.334568 0.048611 0.120988
2 0.342361 0.651852 0.079167 0.143210
1 0.413194 0.667901 0.054167 0.303704
1 0.634028 0.625926 0.059722 0.150617
1 0.652083 0.771605 0.109722 0.081481
1 0.174306 0.640741 0.112500 0.106173
