2 0.311806 0.858025 0.098611 0.185185
2 0.335417 0.417284 0.048611 0.079012
2 0.395833 0.413580 0.052778 0.081481
2 0.445833 0.412346 0.027778 0.064198
2 0.601389 0.386420 0.044444 0.081481
2 0.615278 0.849383 0.058333 0.088889
0 0.408333 0.579012 0.075000 0.096296
0 0.552083 0.718519 0.068056 0.118519
0 0.417361 0.820988 0.043056 0.081481
0 0.809722 0.950617 0.072222 0.098765
0 0.772917 0.649383 0.051389 0.079012
0 0.200000 0.458025 0.052778 0.081481
0 0.539583 0.579012 0.034722 0.066667
0 0.574306 0.962963 0.051389 0.074074
