2 0.706771 0.112037 0.062500 0.070370
2 0.841406 0.262037 0.069271 0.092593
2 0.876042 0.365278 0.076042 0.089815
2 0.670833 0.550000 0.040625 0.083333
2 0.556510 0.675926 0.055729 0.100000
2 0.388281 0.527315 0.058854 0.095370
2 0.620833 0.263889 0.057292 0.090741
2 0.641927 0.367130 0.059896 0.106481
2 0.564323 0.358333 0.048438 0.081481
0 0.201042 0.922222 0.100000 0.107407
0 0.414844 0.309722 0.059896 0.086111
0 0.473438 0.280093 0.052083 0.080556
0 0.521094 0.146759 0.055729 0.060185
0 0.642969 0.162500 0.046354 0.069444
0 0.771875 0.277778 0.055208 0.072222
0 0.807031 0.080556 0.051562 0.044444
0 0.471615 0.429167 0.071354 0.115741
0 0.357552 0.445370 0.054688 0.059259
